MFEM mesh v1.0

#
# MFEM Geometry Types (see mesh/geom.hpp):
#
# POINT       = 0
# SEGMENT     = 1
# TRIANGLE    = 2
# SQUARE      = 3
# TETRAHEDRON = 4
# CUBE        = 5
# PRISM       = 6
#

dimension
3

elements
90
1 5 0 1 2 3 4 5 6 7
1 5 4 5 6 7 8 9 10 11
1 5 5 12 13 6 9 14 15 10
1 5 1 16 17 2 5 12 13 6
1 5 2 17 18 19 6 13 20 21
1 5 6 13 20 21 10 15 22 23
1 5 7 6 21 24 11 10 23 25
1 5 3 2 19 26 7 6 21 24
1 5 26 19 1 0 24 21 5 4
1 5 24 21 5 4 25 23 9 8
1 5 19 18 16 1 21 20 12 5
1 5 21 20 12 5 23 22 14 9
1 5 23 22 14 9 19 18 16 1
1 5 25 23 9 8 26 19 1 0
1 5 11 10 23 25 3 2 19 26
1 5 8 9 10 11 0 1 2 3
1 5 9 14 15 10 1 16 17 2
1 5 10 15 22 23 2 17 18 19
1 5 15 27 28 22 17 29 30 18
1 5 14 31 27 15 16 32 29 17
1 5 31 33 34 27 32 35 36 29
1 5 27 34 37 28 29 36 38 30
1 5 28 37 33 31 30 38 35 32
1 5 39 40 41 42 28 37 33 31
1 5 22 28 31 14 18 30 32 16
1 5 20 39 42 12 22 28 31 14
1 5 18 30 32 16 20 39 42 12
1 5 30 38 35 32 39 40 41 42
1 5 29 36 38 30 43 44 40 39
1 5 43 44 40 39 27 34 37 28
1 5 13 43 39 20 15 27 28 22
1 5 17 29 30 18 13 43 39 20
1 5 16 32 29 17 12 42 43 13
1 5 12 42 43 13 14 31 27 15
1 5 42 41 44 43 31 33 34 27
1 5 32 35 36 29 42 41 44 43
1 5 35 45 46 36 41 47 48 44
1 5 41 47 48 44 33 49 50 34
1 5 44 48 51 40 34 50 52 37
1 5 36 46 53 38 44 48 51 40
1 5 38 53 45 35 40 51 47 41
1 5 40 51 47 41 37 52 49 33
1 5 37 52 49 33 38 53 45 35
1 5 34 50 52 37 36 46 53 38
1 5 33 49 50 34 35 45 46 36
1 5 49 54 55 50 45 56 57 46
1 5 50 55 58 52 46 57 59 53
1 5 52 58 54 49 53 59 56 45
1 5 51 60 61 47 52 58 54 49
1 5 53 59 56 45 51 60 61 47
1 5 46 57 59 53 48 62 60 51
1 5 48 62 60 51 50 55 58 52
1 5 47 61 62 48 49 54 55 50
1 5 45 56 57 46 47 61 62 48
1 5 56 63 64 57 61 65 66 62
1 5 61 65 66 62 54 67 68 55
1 5 65 69 70 66 67 71 72 68
1 5 63 73 74 64 65 69 70 66
1 5 64 74 75 76 66 70 77 78
1 5 66 70 77 78 68 72 79 80
1 5 62 66 78 60 55 68 80 58
1 5 57 64 76 59 62 66 78 60
1 5 59 76 63 56 60 78 65 61
1 5 60 78 65 61 58 80 67 54
1 5 76 75 73 63 78 77 69 65
1 5 78 77 69 65 80 79 71 67
1 5 80 79 71 67 76 75 73 63
1 5 58 80 67 54 59 76 63 56
1 5 55 68 80 58 57 64 76 59
1 5 54 67 68 55 56 63 64 57
1 5 67 71 72 68 63 73 74 64
1 5 68 72 79 80 64 74 75 76
1 5 72 81 82 79 74 83 84 75
1 5 71 85 81 72 73 86 83 74
1 5 85 87 88 81 86 89 90 83
1 5 81 88 91 82 83 90 92 84
1 5 82 91 87 85 84 92 89 86
1 5 93 94 95 96 82 91 87 85
1 5 79 82 85 71 75 84 86 73
1 5 77 93 96 69 79 82 85 71
1 5 75 84 86 73 77 93 96 69
1 5 84 92 89 86 93 94 95 96
1 5 83 90 92 84 97 98 94 93
1 5 97 98 94 93 81 88 91 82
1 5 70 97 93 77 72 81 82 79
1 5 74 83 84 75 70 97 93 77
1 5 73 86 83 74 69 96 97 70
1 5 69 96 97 70 71 85 81 72
1 5 96 95 98 97 85 87 88 81
1 5 86 89 90 83 96 95 98 97

boundary
138
6 3 3 2 1 0
4 3 0 1 5 4
5 3 3 0 4 7
4 3 4 5 9 8
5 3 7 4 8 11
4 3 5 12 14 9
6 3 2 17 16 1
4 3 1 16 12 5
6 3 19 18 17 2
5 3 24 7 11 25
6 3 26 19 2 3
5 3 26 3 7 24
6 3 0 1 19 26
4 3 1 0 4 5
5 3 0 26 24 4
4 3 5 4 8 9
5 3 4 24 25 8
6 3 1 16 18 19
4 3 16 1 5 12
4 3 12 5 9 14
4 3 14 9 1 16
6 3 19 18 16 1
4 3 9 8 0 1
5 3 8 25 26 0
6 3 26 19 1 0
5 3 25 11 3 26
6 3 3 2 19 26
4 3 8 9 1 0
5 3 11 8 0 3
6 3 0 1 2 3
4 3 9 14 16 1
6 3 1 16 17 2
6 3 2 17 18 19
6 3 17 29 30 18
4 3 14 31 32 16
6 3 16 32 29 17
4 3 31 33 35 32
6 3 32 35 36 29
6 3 29 36 38 30
4 3 33 31 32 35
6 3 30 38 35 32
4 3 41 42 31 33
4 3 31 14 16 32
6 3 18 30 32 16
4 3 42 12 14 31
6 3 16 32 30 18
4 3 32 16 12 42
6 3 32 35 38 30
4 3 35 32 42 41
6 3 30 38 36 29
6 3 18 30 29 17
6 3 17 29 32 16
4 3 16 32 42 12
4 3 12 42 31 14
4 3 42 41 33 31
6 3 29 36 35 32
4 3 32 35 41 42
6 3 36 46 45 35
4 3 35 45 47 41
4 3 41 47 49 33
6 3 38 53 46 36
6 3 35 45 53 38
4 3 45 35 41 47
4 3 47 41 33 49
4 3 49 33 35 45
6 3 38 53 45 35
6 3 36 46 53 38
4 3 33 49 45 35
6 3 35 45 46 36
4 3 49 54 56 45
6 3 45 56 57 46
6 3 46 57 59 53
4 3 54 49 45 56
6 3 53 59 56 45
4 3 61 47 49 54
6 3 45 56 59 53
4 3 56 45 47 61
6 3 53 59 57 46
4 3 47 61 54 49
6 3 46 57 56 45
4 3 45 56 61 47
6 3 57 64 63 56
4 3 56 63 65 61
4 3 61 65 67 54
4 3 65 69 71 67
6 3 64 74 73 63
4 3 63 73 69 65
6 3 76 75 74 64
6 3 59 76 64 57
6 3 56 63 76 59
4 3 63 56 61 65
4 3 65 61 54 67
6 3 63 73 75 76
4 3 73 63 65 69
4 3 69 65 67 71
4 3 71 67 63 73
6 3 76 75 73 63
4 3 67 54 56 63
6 3 59 76 63 56
6 3 57 64 76 59
4 3 54 67 63 56
6 3 56 63 64 57
4 3 67 71 73 63
6 3 63 73 74 64
6 3 64 74 75 76
6 3 74 83 84 75
4 3 71 85 86 73
6 3 73 86 83 74
4 3 85 87 89 86
3 3 87 88 90 89
6 3 86 89 90 83
3 3 88 91 92 90
6 3 83 90 92 84
3 3 91 87 89 92
4 3 87 85 86 89
6 3 84 92 89 86
3 3 94 95 87 91
4 3 95 96 85 87
4 3 85 71 73 86
6 3 75 84 86 73
4 3 96 69 71 85
6 3 73 86 84 75
4 3 86 73 69 96
6 3 86 89 92 84
3 3 92 89 95 94
4 3 89 86 96 95
6 3 84 92 90 83
3 3 90 92 94 98
3 3 98 94 91 88
6 3 75 84 83 74
6 3 74 83 86 73
4 3 73 86 96 69
4 3 69 96 85 71
4 3 96 95 87 85
3 3 95 98 88 87
6 3 83 90 89 86
4 3 86 89 95 96
3 3 89 90 98 95

vertices
99

nodes
FiniteElementSpace
FiniteElementCollection: L2_T1_3D_P1
VDim: 3
Ordering: 1

0 0 0
0.1 0 0
0 0.0333333 0
0.1 0.0333333 0
0 0 0.0333333
0.1 0 0.0333333
0 0.0333333 0.0333333
0.1 0.0333333 0.0333333
0 0 0.0333333
0.1 0 0.0333333
0 0.0333333 0.0333333
0.1 0.0333333 0.0333333
0 0 0.0666667
0.1 0 0.0666667
0 0.0333333 0.0666667
0.1 0.0333333 0.0666667
0.1 0 0.0333333
0.2 0 0.0333333
0.1 0.0333333 0.0333333
0.2 0.0333333 0.0333333
0.1 0 0.0666667
0.2 0 0.0666667
0.1 0.0333333 0.0666667
0.2 0.0333333 0.0666667
0.1 0 0
0.2 0 0
0.1 0.0333333 0
0.2 0.0333333 0
0.1 0 0.0333333
0.2 0 0.0333333
0.1 0.0333333 0.0333333
0.2 0.0333333 0.0333333
0.1 0.0333333 0
0.2 0.0333333 0
0.1 0.0666667 0
0.2 0.0666667 0
0.1 0.0333333 0.0333333
0.2 0.0333333 0.0333333
0.1 0.0666667 0.0333333
0.2 0.0666667 0.0333333
0.1 0.0333333 0.0333333
0.2 0.0333333 0.0333333
0.1 0.0666667 0.0333333
0.2 0.0666667 0.0333333
0.1 0.0333333 0.0666667
0.2 0.0333333 0.0666667
0.1 0.0666667 0.0666667
0.2 0.0666667 0.0666667
0 0.0333333 0.0333333
0.1 0.0333333 0.0333333
0 0.0666667 0.0333333
0.1 0.0666667 0.0333333
0 0.0333333 0.0666667
0.1 0.0333333 0.0666667
0 0.0666667 0.0666667
0.1 0.0666667 0.0666667
0 0.0333333 0
0.1 0.0333333 0
0 0.0666667 0
0.1 0.0666667 0
0 0.0333333 0.0333333
0.1 0.0333333 0.0333333
0 0.0666667 0.0333333
0.1 0.0666667 0.0333333
0 0.0666667 0
0.1 0.0666667 0
0 0.1 0
0.1 0.1 0
0 0.0666667 0.0333333
0.1 0.0666667 0.0333333
0 0.1 0.0333333
0.1 0.1 0.0333333
0 0.0666667 0.0333333
0.1 0.0666667 0.0333333
0 0.1 0.0333333
0.1 0.1 0.0333333
0 0.0666667 0.0666667
0.1 0.0666667 0.0666667
0 0.1 0.0666667
0.1 0.1 0.0666667
0.1 0.0666667 0
0.2 0.0666667 0
0.1 0.1 0
0.2 0.1 0
0.1 0.0666667 0.0333333
0.2 0.0666667 0.0333333
0.1 0.1 0.0333333
0.2 0.1 0.0333333
0.1 0.0666667 0.0333333
0.2 0.0666667 0.0333333
0.1 0.1 0.0333333
0.2 0.1 0.0333333
0.1 0.0666667 0.0666667
0.2 0.0666667 0.0666667
0.1 0.1 0.0666667
0.2 0.1 0.0666667
0.1 0.0666667 0.0666667
0.2 0.0666667 0.0666667
0.1 0.1 0.0666667
0.2 0.1 0.0666667
0.1 0.0666667 0.1
0.2 0.0666667 0.1
0.1 0.1 0.1
0.2 0.1 0.1
0 0.0666667 0.0666667
0.1 0.0666667 0.0666667
0 0.1 0.0666667
0.1 0.1 0.0666667
0 0.0666667 0.1
0.1 0.0666667 0.1
0 0.1 0.1
0.1 0.1 0.1
0 0.0333333 0.0666667
0.1 0.0333333 0.0666667
0 0.0666667 0.0666667
0.1 0.0666667 0.0666667
0 0.0333333 0.1
0.1 0.0333333 0.1
0 0.0666667 0.1
0.1 0.0666667 0.1
0 0 0.0666667
0.1 0 0.0666667
0 0.0333333 0.0666667
0.1 0.0333333 0.0666667
0 0 0.1
0.1 0 0.1
0 0.0333333 0.1
0.1 0.0333333 0.1
0.1 0 0.0666667
0.2 0 0.0666667
0.1 0.0333333 0.0666667
0.2 0.0333333 0.0666667
0.1 0 0.1
0.2 0 0.1
0.1 0.0333333 0.1
0.2 0.0333333 0.1
0.1 0.0333333 0.0666667
0.2 0.0333333 0.0666667
0.1 0.0666667 0.0666667
0.2 0.0666667 0.0666667
0.1 0.0333333 0.1
0.2 0.0333333 0.1
0.1 0.0666667 0.1
0.2 0.0666667 0.1
0.2 0.0333333 0.0666667
0.3 0.0333333 0.0666667
0.2 0.0666667 0.0666667
0.3 0.0666667 0.0666667
0.2 0.0333333 0.1
0.3 0.0333333 0.1
0.2 0.0666667 0.1
0.3 0.0666667 0.1
0.2 0 0.0666667
0.3 0 0.0666667
0.2 0.0333333 0.0666667
0.3 0.0333333 0.0666667
0.2 0 0.1
0.3 0 0.1
0.2 0.0333333 0.1
0.3 0.0333333 0.1
0.3 0 0.0666667
0.4 0 0.0666667
0.3 0.0333333 0.0666667
0.4 0.0333333 0.0666667
0.3 0 0.1
0.4 0 0.1
0.3 0.0333333 0.1
0.4 0.0333333 0.1
0.3 0.0333333 0.0666667
0.4 0.0333333 0.0666667
0.3 0.0666667 0.0666667
0.4 0.0666667 0.0666667
0.3 0.0333333 0.1
0.4 0.0333333 0.1
0.3 0.0666667 0.1
0.4 0.0666667 0.1
0.3 0.0666667 0.0666667
0.4 0.0666667 0.0666667
0.3 0.1 0.0666667
0.4 0.1 0.0666667
0.3 0.0666667 0.1
0.4 0.0666667 0.1
0.3 0.1 0.1
0.4 0.1 0.1
0.3 0.0666667 0.0333333
0.4 0.0666667 0.0333333
0.3 0.1 0.0333333
0.4 0.1 0.0333333
0.3 0.0666667 0.0666667
0.4 0.0666667 0.0666667
0.3 0.1 0.0666667
0.4 0.1 0.0666667
0.2 0.0666667 0.0666667
0.3 0.0666667 0.0666667
0.2 0.1 0.0666667
0.3 0.1 0.0666667
0.2 0.0666667 0.1
0.3 0.0666667 0.1
0.2 0.1 0.1
0.3 0.1 0.1
0.2 0.0666667 0.0333333
0.3 0.0666667 0.0333333
0.2 0.1 0.0333333
0.3 0.1 0.0333333
0.2 0.0666667 0.0666667
0.3 0.0666667 0.0666667
0.2 0.1 0.0666667
0.3 0.1 0.0666667
0.2 0.0666667 0
0.3 0.0666667 0
0.2 0.1 0
0.3 0.1 0
0.2 0.0666667 0.0333333
0.3 0.0666667 0.0333333
0.2 0.1 0.0333333
0.3 0.1 0.0333333
0.3 0.0666667 0
0.4 0.0666667 0
0.3 0.1 0
0.4 0.1 0
0.3 0.0666667 0.0333333
0.4 0.0666667 0.0333333
0.3 0.1 0.0333333
0.4 0.1 0.0333333
0.3 0.0333333 0
0.4 0.0333333 0
0.3 0.0666667 0
0.4 0.0666667 0
0.3 0.0333333 0.0333333
0.4 0.0333333 0.0333333
0.3 0.0666667 0.0333333
0.4 0.0666667 0.0333333
0.3 0.0333333 0.0333333
0.4 0.0333333 0.0333333
0.3 0.0666667 0.0333333
0.4 0.0666667 0.0333333
0.3 0.0333333 0.0666667
0.4 0.0333333 0.0666667
0.3 0.0666667 0.0666667
0.4 0.0666667 0.0666667
0.2 0.0333333 0.0333333
0.3 0.0333333 0.0333333
0.2 0.0666667 0.0333333
0.3 0.0666667 0.0333333
0.2 0.0333333 0.0666667
0.3 0.0333333 0.0666667
0.2 0.0666667 0.0666667
0.3 0.0666667 0.0666667
0.2 0.0333333 0
0.3 0.0333333 0
0.2 0.0666667 0
0.3 0.0666667 0
0.2 0.0333333 0.0333333
0.3 0.0333333 0.0333333
0.2 0.0666667 0.0333333
0.3 0.0666667 0.0333333
0.2 0 0
0.3 0 0
0.2 0.0333333 0
0.3 0.0333333 0
0.2 0 0.0333333
0.3 0 0.0333333
0.2 0.0333333 0.0333333
0.3 0.0333333 0.0333333
0.2 0 0.0333333
0.3 0 0.0333333
0.2 0.0333333 0.0333333
0.3 0.0333333 0.0333333
0.2 0 0.0666667
0.3 0 0.0666667
0.2 0.0333333 0.0666667
0.3 0.0333333 0.0666667
0.3 0 0.0333333
0.4 0 0.0333333
0.3 0.0333333 0.0333333
0.4 0.0333333 0.0333333
0.3 0 0.0666667
0.4 0 0.0666667
0.3 0.0333333 0.0666667
0.4 0.0333333 0.0666667
0.3 0 0
0.4 0 0
0.3 0.0333333 0
0.4 0.0333333 0
0.3 0 0.0333333
0.4 0 0.0333333
0.3 0.0333333 0.0333333
0.4 0.0333333 0.0333333
0.4 0 0
0.5 0 0
0.4 0.0333333 0
0.5 0.0333333 0
0.4 0 0.0333333
0.5 0 0.0333333
0.4 0.0333333 0.0333333
0.5 0.0333333 0.0333333
0.4 0 0.0333333
0.5 0 0.0333333
0.4 0.0333333 0.0333333
0.5 0.0333333 0.0333333
0.4 0 0.0666667
0.5 0 0.0666667
0.4 0.0333333 0.0666667
0.5 0.0333333 0.0666667
0.4 0.0333333 0.0333333
0.5 0.0333333 0.0333333
0.4 0.0666667 0.0333333
0.5 0.0666667 0.0333333
0.4 0.0333333 0.0666667
0.5 0.0333333 0.0666667
0.4 0.0666667 0.0666667
0.5 0.0666667 0.0666667
0.4 0.0333333 0
0.5 0.0333333 0
0.4 0.0666667 0
0.5 0.0666667 0
0.4 0.0333333 0.0333333
0.5 0.0333333 0.0333333
0.4 0.0666667 0.0333333
0.5 0.0666667 0.0333333
0.4 0.0666667 0
0.5 0.0666667 0
0.4 0.1 0
0.5 0.1 0
0.4 0.0666667 0.0333333
0.5 0.0666667 0.0333333
0.4 0.1 0.0333333
0.5 0.1 0.0333333
0.4 0.0666667 0.0333333
0.5 0.0666667 0.0333333
0.4 0.1 0.0333333
0.5 0.1 0.0333333
0.4 0.0666667 0.0666667
0.5 0.0666667 0.0666667
0.4 0.1 0.0666667
0.5 0.1 0.0666667
0.4 0.0666667 0.0666667
0.5 0.0666667 0.0666667
0.4 0.1 0.0666667
0.5 0.1 0.0666667
0.4 0.0666667 0.1
0.5 0.0666667 0.1
0.4 0.1 0.1
0.5 0.1 0.1
0.4 0.0333333 0.0666667
0.5 0.0333333 0.0666667
0.4 0.0666667 0.0666667
0.5 0.0666667 0.0666667
0.4 0.0333333 0.1
0.5 0.0333333 0.1
0.4 0.0666667 0.1
0.5 0.0666667 0.1
0.4 0 0.0666667
0.5 0 0.0666667
0.4 0.0333333 0.0666667
0.5 0.0333333 0.0666667
0.4 0 0.1
0.5 0 0.1
0.4 0.0333333 0.1
0.5 0.0333333 0.1
0.5 0 0.0666667
0.6 0 0.0666667
0.5 0.0333333 0.0666667
0.6 0.0333333 0.0666667
0.5 0 0.1
0.6 0 0.1
0.5 0.0333333 0.1
0.6 0.0333333 0.1
0.5 0.0333333 0.0666667
0.6 0.0333333 0.0666667
0.5 0.0666667 0.0666667
0.6 0.0666667 0.0666667
0.5 0.0333333 0.1
0.6 0.0333333 0.1
0.5 0.0666667 0.1
0.6 0.0666667 0.1
0.5 0.0666667 0.0666667
0.6 0.0666667 0.0666667
0.5 0.1 0.0666667
0.6 0.1 0.0666667
0.5 0.0666667 0.1
0.6 0.0666667 0.1
0.5 0.1 0.1
0.6 0.1 0.1
0.5 0.0666667 0.0333333
0.6 0.0666667 0.0333333
0.5 0.1 0.0333333
0.6 0.1 0.0333333
0.5 0.0666667 0.0666667
0.6 0.0666667 0.0666667
0.5 0.1 0.0666667
0.6 0.1 0.0666667
0.5 0.0666667 0
0.6 0.0666667 0
0.5 0.1 0
0.6 0.1 0
0.5 0.0666667 0.0333333
0.6 0.0666667 0.0333333
0.5 0.1 0.0333333
0.6 0.1 0.0333333
0.5 0.0333333 0
0.6 0.0333333 0
0.5 0.0666667 0
0.6 0.0666667 0
0.5 0.0333333 0.0333333
0.6 0.0333333 0.0333333
0.5 0.0666667 0.0333333
0.6 0.0666667 0.0333333
0.5 0.0333333 0.0333333
0.6 0.0333333 0.0333333
0.5 0.0666667 0.0333333
0.6 0.0666667 0.0333333
0.5 0.0333333 0.0666667
0.6 0.0333333 0.0666667
0.5 0.0666667 0.0666667
0.6 0.0666667 0.0666667
0.5 0 0.0333333
0.6 0 0.0333333
0.5 0.0333333 0.0333333
0.6 0.0333333 0.0333333
0.5 0 0.0666667
0.6 0 0.0666667
0.5 0.0333333 0.0666667
0.6 0.0333333 0.0666667
0.5 0 0
0.6 0 0
0.5 0.0333333 0
0.6 0.0333333 0
0.5 0 0.0333333
0.6 0 0.0333333
0.5 0.0333333 0.0333333
0.6 0.0333333 0.0333333
0.6 0 0
0.7 0 0
0.6 0.0333333 0
0.7 0.0333333 0
0.6 0 0.0333333
0.7 0 0.0333333
0.6 0.0333333 0.0333333
0.7 0.0333333 0.0333333
0.6 0 0.0333333
0.7 0 0.0333333
0.6 0.0333333 0.0333333
0.7 0.0333333 0.0333333
0.6 0 0.0666667
0.7 0 0.0666667
0.6 0.0333333 0.0666667
0.7 0.0333333 0.0666667
0.7 0 0.0333333
0.8 0 0.0333333
0.7 0.0333333 0.0333333
0.8 0.0333333 0.0333333
0.7 0 0.0666667
0.8 0 0.0666667
0.7 0.0333333 0.0666667
0.8 0.0333333 0.0666667
0.7 0 0
0.8 0 0
0.7 0.0333333 0
0.8 0.0333333 0
0.7 0 0.0333333
0.8 0 0.0333333
0.7 0.0333333 0.0333333
0.8 0.0333333 0.0333333
0.7 0.0333333 0
0.8 0.0333333 0
0.7 0.0666667 0
0.8 0.0666667 0
0.7 0.0333333 0.0333333
0.8 0.0333333 0.0333333
0.7 0.0666667 0.0333333
0.8 0.0666667 0.0333333
0.7 0.0333333 0.0333333
0.8 0.0333333 0.0333333
0.7 0.0666667 0.0333333
0.8 0.0666667 0.0333333
0.7 0.0333333 0.0666667
0.8 0.0333333 0.0666667
0.7 0.0666667 0.0666667
0.8 0.0666667 0.0666667
0.6 0.0333333 0.0333333
0.7 0.0333333 0.0333333
0.6 0.0666667 0.0333333
0.7 0.0666667 0.0333333
0.6 0.0333333 0.0666667
0.7 0.0333333 0.0666667
0.6 0.0666667 0.0666667
0.7 0.0666667 0.0666667
0.6 0.0333333 0
0.7 0.0333333 0
0.6 0.0666667 0
0.7 0.0666667 0
0.6 0.0333333 0.0333333
0.7 0.0333333 0.0333333
0.6 0.0666667 0.0333333
0.7 0.0666667 0.0333333
0.6 0.0666667 0
0.7 0.0666667 0
0.6 0.1 0
0.7 0.1 0
0.6 0.0666667 0.0333333
0.7 0.0666667 0.0333333
0.6 0.1 0.0333333
0.7 0.1 0.0333333
0.6 0.0666667 0.0333333
0.7 0.0666667 0.0333333
0.6 0.1 0.0333333
0.7 0.1 0.0333333
0.6 0.0666667 0.0666667
0.7 0.0666667 0.0666667
0.6 0.1 0.0666667
0.7 0.1 0.0666667
0.7 0.0666667 0
0.8 0.0666667 0
0.7 0.1 0
0.8 0.1 0
0.7 0.0666667 0.0333333
0.8 0.0666667 0.0333333
0.7 0.1 0.0333333
0.8 0.1 0.0333333
0.7 0.0666667 0.0333333
0.8 0.0666667 0.0333333
0.7 0.1 0.0333333
0.8 0.1 0.0333333
0.7 0.0666667 0.0666667
0.8 0.0666667 0.0666667
0.7 0.1 0.0666667
0.8 0.1 0.0666667
0.7 0.0666667 0.0666667
0.8 0.0666667 0.0666667
0.7 0.1 0.0666667
0.8 0.1 0.0666667
0.7 0.0666667 0.1
0.8 0.0666667 0.1
0.7 0.1 0.1
0.8 0.1 0.1
0.6 0.0666667 0.0666667
0.7 0.0666667 0.0666667
0.6 0.1 0.0666667
0.7 0.1 0.0666667
0.6 0.0666667 0.1
0.7 0.0666667 0.1
0.6 0.1 0.1
0.7 0.1 0.1
0.6 0.0333333 0.0666667
0.7 0.0333333 0.0666667
0.6 0.0666667 0.0666667
0.7 0.0666667 0.0666667
0.6 0.0333333 0.1
0.7 0.0333333 0.1
0.6 0.0666667 0.1
0.7 0.0666667 0.1
0.6 0 0.0666667
0.7 0 0.0666667
0.6 0.0333333 0.0666667
0.7 0.0333333 0.0666667
0.6 0 0.1
0.7 0 0.1
0.6 0.0333333 0.1
0.7 0.0333333 0.1
0.7 0 0.0666667
0.8 0 0.0666667
0.7 0.0333333 0.0666667
0.8 0.0333333 0.0666667
0.7 0 0.1
0.8 0 0.1
0.7 0.0333333 0.1
0.8 0.0333333 0.1
0.7 0.0333333 0.0666667
0.8 0.0333333 0.0666667
0.7 0.0666667 0.0666667
0.8 0.0666667 0.0666667
0.7 0.0333333 0.1
0.8 0.0333333 0.1
0.7 0.0666667 0.1
0.8 0.0666667 0.1
0.8 0.0333333 0.0666667
0.9 0.0333333 0.0666667
0.8 0.0666667 0.0666667
0.9 0.0666667 0.0666667
0.8 0.0333333 0.1
0.9 0.0333333 0.1
0.8 0.0666667 0.1
0.9 0.0666667 0.1
0.8 0 0.0666667
0.9 0 0.0666667
0.8 0.0333333 0.0666667
0.9 0.0333333 0.0666667
0.8 0 0.1
0.9 0 0.1
0.8 0.0333333 0.1
0.9 0.0333333 0.1
0.9 0 0.0666667
1 0 0.0666667
0.9 0.0333333 0.0666667
1 0.0333333 0.0666667
0.9 0 0.1
1 0 0.1
0.9 0.0333333 0.1
1 0.0333333 0.1
0.9 0.0333333 0.0666667
1 0.0333333 0.0666667
0.9 0.0666667 0.0666667
1 0.0666667 0.0666667
0.9 0.0333333 0.1
1 0.0333333 0.1
0.9 0.0666667 0.1
1 0.0666667 0.1
0.9 0.0666667 0.0666667
1 0.0666667 0.0666667
0.9 0.1 0.0666667
1 0.1 0.0666667
0.9 0.0666667 0.1
1 0.0666667 0.1
0.9 0.1 0.1
1 0.1 0.1
0.9 0.0666667 0.0333333
1 0.0666667 0.0333333
0.9 0.1 0.0333333
1 0.1 0.0333333
0.9 0.0666667 0.0666667
1 0.0666667 0.0666667
0.9 0.1 0.0666667
1 0.1 0.0666667
0.8 0.0666667 0.0666667
0.9 0.0666667 0.0666667
0.8 0.1 0.0666667
0.9 0.1 0.0666667
0.8 0.0666667 0.1
0.9 0.0666667 0.1
0.8 0.1 0.1
0.9 0.1 0.1
0.8 0.0666667 0.0333333
0.9 0.0666667 0.0333333
0.8 0.1 0.0333333
0.9 0.1 0.0333333
0.8 0.0666667 0.0666667
0.9 0.0666667 0.0666667
0.8 0.1 0.0666667
0.9 0.1 0.0666667
0.8 0.0666667 0
0.9 0.0666667 0
0.8 0.1 0
0.9 0.1 0
0.8 0.0666667 0.0333333
0.9 0.0666667 0.0333333
0.8 0.1 0.0333333
0.9 0.1 0.0333333
0.9 0.0666667 0
1 0.0666667 0
0.9 0.1 0
1 0.1 0
0.9 0.0666667 0.0333333
1 0.0666667 0.0333333
0.9 0.1 0.0333333
1 0.1 0.0333333
0.9 0.0333333 0
1 0.0333333 0
0.9 0.0666667 0
1 0.0666667 0
0.9 0.0333333 0.0333333
1 0.0333333 0.0333333
0.9 0.0666667 0.0333333
1 0.0666667 0.0333333
0.9 0.0333333 0.0333333
1 0.0333333 0.0333333
0.9 0.0666667 0.0333333
1 0.0666667 0.0333333
0.9 0.0333333 0.0666667
1 0.0333333 0.0666667
0.9 0.0666667 0.0666667
1 0.0666667 0.0666667
0.8 0.0333333 0.0333333
0.9 0.0333333 0.0333333
0.8 0.0666667 0.0333333
0.9 0.0666667 0.0333333
0.8 0.0333333 0.0666667
0.9 0.0333333 0.0666667
0.8 0.0666667 0.0666667
0.9 0.0666667 0.0666667
0.8 0.0333333 0
0.9 0.0333333 0
0.8 0.0666667 0
0.9 0.0666667 0
0.8 0.0333333 0.0333333
0.9 0.0333333 0.0333333
0.8 0.0666667 0.0333333
0.9 0.0666667 0.0333333
0.8 0 0
0.9 0 0
0.8 0.0333333 0
0.9 0.0333333 0
0.8 0 0.0333333
0.9 0 0.0333333
0.8 0.0333333 0.0333333
0.9 0.0333333 0.0333333
0.8 0 0.0333333
0.9 0 0.0333333
0.8 0.0333333 0.0333333
0.9 0.0333333 0.0333333
0.8 0 0.0666667
0.9 0 0.0666667
0.8 0.0333333 0.0666667
0.9 0.0333333 0.0666667
0.9 0 0.0333333
1 0 0.0333333
0.9 0.0333333 0.0333333
1 0.0333333 0.0333333
0.9 0 0.0666667
1 0 0.0666667
0.9 0.0333333 0.0666667
1 0.0333333 0.0666667
0.9 0 0
1 0 0
0.9 0.0333333 0
1 0.0333333 0
0.9 0 0.0333333
1 0 0.0333333
0.9 0.0333333 0.0333333
1 0.0333333 0.0333333
